      130.41796901372484285275
      128.17627062035450080657
      127.98567128803443893048
      127.86644195546953994835
      127.75061304266804995677
      127.63582832587219684228
      127.52198879646104501262
      127.40907382416502002798
      127.29706603343318249699
      127.18594867949987303746
      127.07570553231346366374
      126.96632084991233568871
      126.85777935678413541609
      126.75006622387080312819
      126.64316704986318029569
      126.53706784361583004284
      126.43175500756284179715
      126.32721532204304537572
      126.22343593046092280474
      126.12040432521976640601
      126.01810833437261294421
      125.91653610894273640497
      125.81567611086963154321
      125.71551710154110992335
      125.61604813087568288665
      125.51725852692133855726
      125.41913788594081324845
      125.32167606295466555366
      125.22486316271591988425
      125.12868953109166625381
      125.03314574682953264073
      124.93822261368714521268
      124.84391115290522122905
      124.75020259600576366665
      124.65708837789813401287
      124.56456013027656126724
      124.47260967529419417588
      124.38122901949958531986
      124.29041034802196463716
      124.20014601899295314524
      124.11042855819279395746
      124.02125065391018665650
      123.93260515200535110125
      123.84448505116604621890
      123.75688349834774726332
      123.66979378438924186412
      123.58320933979481992537
      123.49712373067623616407
      123.41153065484591877521
      123.32642393805554092978
      123.24179753037286388917
      123.15764550269041421870
      123.07396204336075129504
      122.99074145495197285527
      122.90797815111886848172
      122.82566665358429247590
      122.74380158922598127447
      122.66237768726462320501
      122.58138977654854784305
      122.50083278293116961777
      122.42070172673720662715
      122.34099172031396562943
      122.26169796566449576858
      122.18281575215880252472
      122.10434045432033656198
      122.02626752968461687487
      121.94859251672704658631
      121.87131103285729238905
      121.79441877247739967061
      121.71791150510168222354
      121.64178507353523173151
      121.56603539210944120441
      121.49065844497212651731
      121.41565028443017126847
      121.34100702934252069554
      121.26672486356233093829
      121.19280003442550253112
      121.11922885128460336546
      121.04600768408631950024
      120.97313296199071430692
      120.90060117203113065898
      120.82840885781266138110
      120.75655261824863373477
      120.68502910633294789022
      120.61383502794789990276
      120.54296714070527229978
      120.47242225282022332067
      120.40219722201675267570
      120.33228895446345063647
      120.26269440373873464978
      120.19341056982423765476
      120.12443449812575124724
      120.05576327852089946191
      119.98739404443207945405
      119.91932397192431380972
      119.85155027882740341738
      119.78407022388078928543
      119.71688110590116593812
      119.64998026297173794319
      119.58336507165272166731
      119.51703294621182749324
      119.45098133787475092049
      119.38520773409491937400
      119.31970965784131522014
      119.25448466690461657436
      119.18953035322063271906
      119.12484434221050833003
      119.06042429213746913774
      118.99626789347911426376
      118.93237286831553944921
      118.86873696973182745751
      118.80535798123540303095
      118.74223371618744238276
      118.67936201724766931420
      118.61674075583259480027
      118.55436783158643265779
      118.49224117186459181994
      118.43035873122931889156
      118.36871849095710729216
      118.30731845855743245011
      118.24615666730262830697
      118.18523117576877723423
      118.12454006738661860254
      118.06408145000335707664
      118.00385345545359427888
      117.94385423914059174422
      117.88408197962644408108
      117.82453487823170235060
      117.76521115864363764558
      117.70610906653323013416
      117.64722686918065619466
      117.58856285510876205080
      117.53011533372472285919
      117.47188263496914828465
      117.41386310897311773260
      117.35605512572219311096
      117.29845707472786386916
      117.24106736470587009080
      117.18388442326113363379
      117.12690669657972364348
      117.07013264912673378149
      117.01356076335106592978
      116.95718953939551454368
      116.90101749481367221506
      116.84504316429229220375
      116.78926509937883793100
      116.73368186821564052025
      116.67829205527833380529
      116.62309426112032895162
      116.56808710212192181643
      116.51326921024482885514
      116.45863923279117102538
      116.40419583216761623135
      116.34993768565388450043
